   ---   Bound Analyses   ---   


     	       	       	        	        	      	     	     	       	       	       	       	       	       	       	       	       	       	       	       	       	initial	       
     	       	       	lesser  	greater 	      	     	     	       	       	       	       	       	       	       	       	       	       	       	       	actual 	comma  	a.b.vs 
     	       	       	extreme 	extreme 	medium	high 	ultra	extreme	       	medium 	high   	ultra  	extreme	overall	medium 	high   	ultra  	extreme	overall	bound  	mean   	i.c.m. 
bound	lesser 	greater	level   	level   	level 	level	level	level  	overall	dstance	dstance	dstance	dstance	dstance	ina-dst	ina-dst	ina-dst	ina-dst	ina-dst	pos    	pos    	error  
id   	mina   	mina   	symbol  	symbol  	rank  	rank 	rank 	rank   	rank   	moved  	moved  	moved  	moved  	moved  	moved  	moved  	moved  	moved  	moved  	(¢)    	(¢)    	(tinas)
     	       	       	        	        	      	     	     	       	       	       	       	       	       	       	       	       	       	       	       	       	       	       
0    	       	  1    	        	    `|  	      	     	     	0      	0      	       	       	       	  0.033	  0.033	       	       	       	  0.236	  0.236	  0.211	  0.211	 -0.004
1    	  1    	  2    	    `|  	   ``|  	      	     	     	0      	0      	       	       	       	  0.041	  0.041	       	       	       	  0.292	  0.292	  0.773	  0.628	  1.034
2    	  2    	  3    	   ``|  	   .)|  	      	0    	0    	0      	0      	       	  0.229	  0.240	  0.025	  0.494	       	  0.117	  0.491	  0.180	  0.789	  1.194	  1.689	 -3.519
3    	  3    	  4    	   .)|  	    '|  	      	     	1    	0      	1      	       	       	  0.019	  0.049	  0.068	       	       	  0.038	  0.348	  0.386	  1.757	  1.689	  0.481
4    	  4    	  5    	    '|  	   `'|  	      	     	     	0      	0      	       	       	       	  0.017	  0.017	       	       	       	  0.124	  0.124	  2.178	  2.165	  0.093
5    	  5    	  6    	   `'|  	   ,)|  	0     	     	0    	0      	0      	  0.233	       	  0.257	  0.057	  0.547	  0.119	       	  0.526	  0.403	  1.048	  2.740	  2.879	 -0.987
6    	  6    	  7    	   ,)|  	    )|  	      	     	     	0      	0      	       	       	       	  0.010	  0.010	       	       	       	  0.069	  0.069	  3.162	  3.180	 -0.130
7    	  7    	  8    	    )|  	   `)|  	      	     	     	0      	0      	       	       	       	  0.065	  0.065	       	       	       	  0.459	  0.459	  3.724	  3.654	  0.497
8    	  8    	  9    	   `)|  	  ``)|  	      	     	     	0      	0      	       	       	       	  0.002	  0.002	       	       	       	  0.013	  0.013	  4.145	  4.216	 -0.504
9    	  9    	 10    	  ``)|  	   ,,|( 	      	0    	0    	0      	0      	       	  1.272	  0.265	  0.068	  1.605	       	  0.649	  0.543	  0.485	  1.677	  4.567	  4.568	 -0.006
10   	 10    	 11    	   ,,|( 	    ,|( 	      	     	     	0      	0      	       	       	       	  0.006	  0.006	       	       	       	  0.043	  0.043	  5.129	  5.186	 -0.408
11   	 11    	 12    	    ,|( 	     |( 	      	     	     	0      	0      	       	       	       	  0.060	  0.060	       	       	       	  0.429	  0.429	  5.551	  5.603	 -0.370
12   	 12    	 13    	     |( 	    `|( 	      	     	     	0      	0      	       	       	       	  0.014	  0.014	       	       	       	  0.099	  0.099	  6.113	  6.118	 -0.039
13   	 13    	 14    	    `|( 	   .~|  	      	0    	1    	0      	1      	       	  0.220	  0.320	  0.052	  0.592	       	  0.112	  0.656	  0.373	  1.141	  6.534	  7.244	 -5.047
14   	 14    	 15    	   .~|  	   ,'|( 	      	     	0    	0      	0      	       	       	  0.215	  0.022	  0.236	       	       	  0.440	  0.155	  0.594	  7.097	  7.244	 -1.047
15   	 15    	 16    	   ,'|( 	    '|( 	      	     	     	0      	0      	       	       	       	  0.045	  0.045	       	       	       	  0.318	  0.318	  7.518	  7.514	  0.032
16   	 16    	 17    	    '|( 	   ,~|  	0     	     	1    	0      	1      	  0.100	       	  0.170	  0.030	  0.300	  0.051	       	  0.348	  0.210	  0.610	  8.080	  7.723	  2.543
17   	 17    	 18    	   ,~|  	    ~|  	      	     	     	0      	0      	       	       	       	  0.037	  0.037	       	       	       	  0.262	  0.262	  8.502	  8.581	 -0.565
18   	 18    	 19    	    ~|  	   ,)|( 	      	1    	0    	0      	1      	       	  0.388	  0.206	  0.037	  0.632	       	  0.198	  0.422	  0.266	  0.887	  9.064	  9.209	 -1.031
19   	 19    	 20    	   ,)|( 	    )|( 	      	     	     	0      	0      	       	       	       	  0.029	  0.029	       	       	       	  0.206	  0.206	  9.485	  9.435	  0.360
20   	 20    	 21    	    )|( 	   `)|( 	      	     	     	0      	0      	       	       	       	  0.045	  0.045	       	       	       	  0.322	  0.322	 10.048	  9.974	  0.522
21   	 21    	 22    	   `)|( 	  ``)|( 	      	     	     	0      	0      	       	       	       	  0.021	  0.021	       	       	       	  0.150	  0.150	 10.469	 10.535	 -0.467
22   	 22    	 23    	  ``)|( 	  ,')|( 	      	0    	0    	0      	0      	       	  0.104	  0.198	  0.053	  0.355	       	  0.053	  0.405	  0.378	  0.836	 11.031	 10.876	  1.103
23   	 23    	 24    	  ,')|( 	   ')|( 	      	     	     	0      	0      	       	       	       	  0.013	  0.013	       	       	       	  0.094	  0.094	 11.453	 11.381	  0.513
24   	 24    	 25    	   ')|( 	   )~|  	      	     	1    	0      	1      	       	       	  0.101	  0.061	  0.162	       	       	  0.207	  0.433	  0.640	 12.015	 11.853	  1.152
25   	 25    	 26    	   )~|  	   .~|( 	      	     	0    	0      	0      	       	       	  0.299	  0.005	  0.304	       	       	  0.612	  0.039	  0.651	 12.436	 12.421	  0.113
26   	 26    	 27    	   .~|( 	  `.~|( 	      	     	     	0      	0      	       	       	       	  0.069	  0.069	       	       	       	  0.489	  0.489	 12.999	 13.023	 -0.171
27   	 27    	 28    	  `.~|( 	  ,,~|( 	0     	0    	0    	0      	0      	  0.230	  1.397	  1.283	  0.002	  2.913	  0.095	  0.713	  2.629	  0.017	  3.454	 13.420	 12.209	  8.618
28   	 28    	 29    	  ,,~|( 	   ,~|( 	      	     	     	0      	0      	       	       	       	  0.064	  0.064	       	       	       	  0.455	  0.455	 13.842	 13.993	 -1.074
29   	 29    	 30    	   ,~|( 	    ~|( 	      	     	     	0      	0      	       	       	       	  0.010	  0.010	       	       	       	  0.073	  0.073	 14.404	 14.460	 -0.403
30   	 30    	 31    	    ~|( 	   `~|( 	      	     	     	0      	0      	       	       	       	  0.056	  0.056	       	       	       	  0.399	  0.399	 14.825	 14.965	 -0.994
31   	 31    	 32    	   `~|( 	   ,,|~ 	      	0    	1    	0      	1      	       	  0.085	  0.268	  0.018	  0.371	       	  0.043	  0.549	  0.129	  0.721	 15.388	 15.637	 -1.778
32   	 32    	 33    	   ,,|~ 	    ,|~ 	      	     	     	0      	0      	       	       	       	  0.048	  0.048	       	       	       	  0.343	  0.343	 15.809	 15.946	 -0.977
33   	 33    	 34    	    ,|~ 	     |~ 	      	     	     	0      	0      	       	       	       	  0.026	  0.026	       	       	       	  0.185	  0.185	 16.371	 16.344	  0.191
34   	 34    	 35    	     |~ 	    `|~ 	      	     	     	0      	0      	       	       	       	  0.040	  0.040	       	       	       	  0.288	  0.288	 16.793	 16.767	  0.183
35   	 35    	 36    	    `|~ 	   ~~|  	      	1    	0    	0      	1      	       	  0.400	  0.660	  0.034	  1.094	       	  0.204	  1.353	  0.240	  1.798	 17.355	 17.060	  2.097
36   	 36    	 37    	   ~~|  	  `~~|  	      	     	     	0      	0      	       	       	       	  0.033	  0.033	       	       	       	  0.232	  0.232	 17.776	 17.794	 -0.127
37   	 37    	 38    	  `~~|  	 ``~~|  	      	     	     	0      	0      	       	       	       	  0.042	  0.042	       	       	       	  0.296	  0.296	 18.339	 18.273	  0.463
38   	 38    	 39    	 ``~~|  	  ,./|  	0     	0    	0    	0      	0      	  0.806	  0.480	  0.164	  0.025	  1.475	  0.333	  0.245	  0.336	  0.176	  1.090	 18.760	 18.118	  4.567
39   	 39    	 40    	  ,./|  	   ./|  	      	     	     	0      	0      	       	       	       	  0.049	  0.049	       	       	       	  0.352	  0.352	 19.322	 19.341	 -0.135
40   	 40    	 41    	   ./|  	    )|~ 	      	     	1    	0      	1      	       	       	  0.057	  0.017	  0.073	       	       	  0.116	  0.120	  0.236	 19.744	 19.817	 -0.523
41   	 41    	 42    	    )|~ 	  ,,/|  	      	0    	0    	0      	0      	       	  0.021	  0.332	  0.057	  0.410	       	  0.011	  0.681	  0.408	  1.099	 20.306	 20.794	 -3.474
42   	 42    	 43    	  ,,/|  	   ,/|  	      	     	     	0      	0      	       	       	       	  0.009	  0.009	       	       	       	  0.064	  0.064	 20.727	 20.746	 -0.129
43   	 43    	 44    	   ,/|  	    /|  	      	     	     	0      	0      	       	       	       	  0.065	  0.065	       	       	       	  0.464	  0.464	 21.290	 21.295	 -0.038
44   	 44    	 45    	    /|  	   `/|  	      	     	     	0      	0      	       	       	       	  0.001	  0.001	       	       	       	  0.009	  0.009	 21.711	 21.704	  0.050
45   	 45    	 46    	   `/|  	  ``/|  	      	     	     	0      	0      	       	       	       	  0.068	  0.068	       	       	       	  0.481	  0.481	 22.133	 22.113	  0.138
46   	 46    	 47    	  ``/|  	  .)/|  	      	0    	0    	0      	0      	       	  0.438	  0.147	  0.007	  0.592	       	  0.223	  0.302	  0.047	  0.572	 22.695	 23.195	 -3.561
47   	 47    	 48    	  .)/|  	   '/|  	      	     	1    	0      	1      	       	       	  0.019	  0.060	  0.079	       	       	  0.039	  0.425	  0.464	 23.116	 23.195	 -0.561
48   	 48    	 49    	   '/|  	  `'/|  	      	     	     	0      	0      	       	       	       	  0.014	  0.014	       	       	       	  0.103	  0.103	 23.679	 23.658	  0.147
49   	 49    	 49.568	  `'/|  	 ,,)/|  	      	     	0    	1      	1      	       	       	  0.546	  0.000	  0.546	       	       	  1.118	  0.000	  1.118	 23.955	 24.172	 -1.542
50   	 49.568	 50    	 ,,)/|  	  ,)/|  	      	     	     	0      	0      	       	       	       	  0.052	  0.052	       	       	       	  0.369	  0.369	 24.100	 24.167	 -0.475
51   	 50    	 51    	  ,)/|  	   )/|  	0     	     	     	0      	0      	  0.279	       	       	  0.022	  0.301	  0.571	       	       	  0.159	  0.730	 24.662	 24.385	  1.971
52   	 51    	 51.459	   )/|  	   ,.|) 	      	     	1    	1      	1      	       	       	  0.211	  0.000	  0.211	       	       	  0.433	  0.000	  0.433	 24.886	 25.097	 -1.504
53   	 51.459	 52    	   ,.|) 	    .|) 	      	     	     	0      	0      	       	       	       	  0.044	  0.044	       	       	       	  0.313	  0.313	 25.084	 25.099	 -0.108
54   	 52    	 53    	    .|) 	   `.|) 	      	     	     	0      	0      	       	       	       	  0.030	  0.030	       	       	       	  0.215	  0.215	 25.646	 25.660	 -0.098
55   	 53    	 54    	   `.|) 	   ,,|) 	      	0    	0    	0      	0      	       	  1.063	  0.358	  0.036	  1.457	       	  0.543	  0.733	  0.258	  1.533	 26.067	 26.074	 -0.048
56   	 54    	 55    	   ,,|) 	    ,|) 	      	     	     	0      	0      	       	       	       	  0.038	  0.038	       	       	       	  0.270	  0.270	 26.630	 26.636	 -0.049
57   	 55    	 56    	    ,|) 	     |) 	      	     	     	0      	0      	       	       	       	  0.028	  0.028	       	       	       	  0.202	  0.202	 27.051	 27.053	 -0.011
58   	 56    	 57    	     |) 	    `|) 	      	     	     	0      	0      	       	       	       	  0.046	  0.046	       	       	       	  0.326	  0.326	 27.613	 27.462	  1.076
59   	 57    	 58    	    `|) 	   ``|) 	      	     	     	0      	0      	       	       	       	  0.021	  0.021	       	       	       	  0.146	  0.146	 28.035	 28.023	  0.087
60   	 58    	 59    	   ``|) 	   ,'|) 	      	0    	0    	0      	0      	       	  0.605	  0.122	  0.054	  0.780	       	  0.309	  0.250	  0.382	  0.940	 28.597	 28.953	 -2.535
61   	 59    	 60    	   ,'|) 	    '|) 	      	     	     	0      	0      	       	       	       	  0.013	  0.013	       	       	       	  0.090	  0.090	 29.018	 29.006	  0.086
62   	 60    	 61    	    '|) 	   `'|) 	      	     	     	0      	0      	       	       	       	  0.062	  0.062	       	       	       	  0.438	  0.438	 29.581	 29.416	  1.173
63   	 61    	 62    	   `'|) 	   ,)|) 	0     	     	0    	0      	0      	  0.607	       	  0.374	  0.005	  0.986	  0.310	       	  0.767	  0.034	  1.111	 30.002	 30.206	 -1.451
64   	 62    	 63    	   ,)|) 	    )|) 	      	     	     	0      	0      	       	       	       	  0.069	  0.069	       	       	       	  0.494	  0.494	 30.564	 30.409	  1.104
65   	 63    	 64    	    )|) 	   .(|  	      	1    	1    	0      	1      	       	  0.286	  0.065	  0.003	  0.354	       	  0.146	  0.132	  0.021	  0.300	 30.986	 31.204	 -1.555
66   	 64    	 65    	   .(|  	     |\ 	      	     	1    	0      	1      	       	       	  0.010	  0.063	  0.073	       	       	  0.020	  0.451	  0.471	 31.407	 31.480	 -0.520
67   	 65    	 66    	     |\ 	    `|\ 	      	     	     	0      	0      	       	       	       	  0.011	  0.011	       	       	       	  0.077	  0.077	 31.970	 31.978	 -0.060
68   	 66    	 67    	    `|\ 	   ,(|  	      	0    	0    	0      	0      	       	  0.313	  0.105	  0.055	  0.473	       	  0.160	  0.216	  0.395	  0.770	 32.391	 32.457	 -0.471
69   	 67    	 68    	   ,(|  	    (|  	      	     	     	0      	0      	       	       	       	  0.019	  0.019	       	       	       	  0.133	  0.133	 32.953	 32.885	  0.486
70   	 68    	 69    	    (|  	   `(|  	      	     	     	0      	0      	       	       	       	  0.048	  0.048	       	       	       	  0.339	  0.339	 33.375	 33.383	 -0.056
71   	 69    	 70    	   `(|  	  ``(|  	      	     	     	0      	0      	       	       	       	  0.027	  0.027	       	       	       	  0.189	  0.189	 33.937	 33.950	 -0.094
72   	 70    	 71    	  ``(|  	  ,'(|  	      	0    	0    	0      	0      	       	  0.772	  0.097	  0.040	  0.908	       	  0.394	  0.198	  0.283	  0.875	 34.358	 34.422	 -0.455
73   	 71    	 72    	  ,'(|  	   '(|  	      	     	     	0      	0      	       	       	       	  0.034	  0.034	       	       	       	  0.245	  0.245	 34.921	 34.835	  0.606
74   	 72    	 72.405	   '(|  	   ,~|) 	0     	     	1    	1      	1      	  0.148	       	  0.218	  0.000	  0.366	  0.076	       	  0.447	  0.000	  0.523	 35.118	 36.027	 -6.467
75   	 72.405	 73    	   ,~|) 	    ~|) 	      	     	     	0      	0      	       	       	       	  0.032	  0.032	       	       	       	  0.227	  0.227	 35.342	 35.479	 -0.972
76   	 73    	 74    	    ~|) 	   `~|) 	      	     	     	0      	0      	       	       	       	  0.042	  0.042	       	       	       	  0.300	  0.300	 35.904	 35.967	 -0.445
77   	 74    	 75    	   `~|) 	  ,.(|( 	      	     	0    	0      	0      	       	       	  0.088	  0.024	  0.112	       	       	  0.181	  0.172	  0.353	 36.326	 36.324	  0.010
79   	 75    	 76    	  ,.(|( 	   .(|( 	      	     	     	0      	0      	       	       	       	  0.050	  0.050	       	       	       	  0.356	  0.356	 36.888	 36.840	  0.339
80   	 76    	 77    	   .(|( 	   '~|) 	      	0    	1    	0      	1      	       	  0.191	  0.024	  0.016	  0.231	       	  0.097	  0.050	  0.116	  0.263	 37.309	 36.874	  3.101
81   	 77    	 78    	   '~|) 	    /|~ 	      	     	1    	0      	1      	       	       	  0.037	  0.058	  0.095	       	       	  0.076	  0.412	  0.488	 37.872	 37.851	  0.149
82   	 78    	 78.390	    /|~ 	  ,,(|( 	      	1    	0    	1      	1      	       	  0.257	  0.160	  0.000	  0.416	       	  0.131	  0.327	  0.000	  0.458	 38.062	 38.478	 -2.962
83   	 78.390	 79    	  ,,(|( 	   ,(|( 	      	     	     	0      	0      	       	       	       	  0.008	  0.008	       	       	       	  0.060	  0.060	 38.293	 38.308	 -0.105
84   	 79    	 80    	   ,(|( 	    (|( 	      	     	     	0      	0      	       	       	       	  0.066	  0.066	       	       	       	  0.468	  0.468	 38.855	 38.724	  0.933
85   	 80    	 81    	    (|( 	   `(|( 	      	     	     	0      	0      	       	       	       	  0.001	  0.001	       	       	       	  0.004	  0.004	 39.277	 39.117	  1.136
86   	 81    	 82    	   `(|( 	    ~|\ 	      	0    	1    	0      	1      	       	  0.456	  0.310	  0.067	  0.833	       	  0.232	  0.636	  0.476	  1.345	 39.698	 39.455	  1.732
87   	 82    	 83    	    ~|\ 	 ,.//|  	0     	     	0    	0      	0      	  0.420	       	  0.072	  0.007	  0.499	  0.214	       	  0.147	  0.052	  0.412	 40.261	 40.959	 -4.972
88   	 83    	 84    	 ,.//|  	  .//|  	      	     	     	0      	0      	       	       	       	  0.059	  0.059	       	       	       	  0.421	  0.421	 40.682	 40.848	 -1.177
89   	 84    	 85    	  .//|  	 `.//|  	      	     	     	0      	0      	       	       	       	  0.015	  0.015	       	       	       	  0.107	  0.107	 41.244	 41.257	 -0.089
90   	 85    	 86    	 `.//|  	 ,,//|  	      	0    	0    	0      	0      	       	  0.188	  0.425	  0.051	  0.664	       	  0.096	  0.871	  0.365	  1.331	 41.666	 41.508	  1.119
91   	 86    	 87    	 ,,//|  	  ,//|  	      	     	     	0      	0      	       	       	       	  0.023	  0.023	       	       	       	  0.163	  0.163	 42.228	 42.292	 -0.458
92   	 87    	 88    	  ,//|  	   //|  	      	     	     	0      	0      	       	       	       	  0.043	  0.043	       	       	       	  0.309	  0.309	 42.649	 42.801	 -1.080
93   	 88    	 89    	   //|  	  `//|  	      	     	     	0      	0      	       	       	       	  0.031	  0.031	       	       	       	  0.219	  0.219	 43.212	 43.210	  0.008
94   	 89    	 90    	  `//|  	 ``//|  	      	     	     	0      	0      	       	       	       	  0.036	  0.036	       	       	       	  0.253	  0.253	 43.633	 43.620	  0.096
95   	 90    	 91    	 ``//|  	 ,'//|  	      	     	0    	0      	0      	       	       	  0.055	  0.039	  0.093	       	       	  0.112	  0.275	  0.387	 44.195	 43.991	  1.452
96   	 91    	 92    	 ,'//|  	  '//|  	      	     	     	0      	0      	       	       	       	  0.028	  0.028	       	       	       	  0.197	  0.197	 44.617	 44.698	 -0.578
97   	 92    	 93    	  '//|  	,,)//|  	2     	2    	2    	2      	2      	  0.000	  0.000	  0.000	  0.000	  0.000	  0.000	  0.000	  0.000	  0.000	  0.000	 45.112	 45.891	 -5.543
98   	 93    	 94    	,,)//|  	 ,)//|  	      	     	     	0      	0      	       	       	       	  0.020	  0.020	       	       	       	  0.142	  0.142	 45.600	 45.673	 -0.517
99   	 94    	 95    	 ,)//|  	  )//|  	      	     	     	0      	0      	       	       	       	  0.054	  0.054	       	       	       	  0.386	  0.386	 46.163	 46.089	  0.521
100  	 95    	 96    	  )//|  	 `)//|  	      	     	     	0      	0      	       	       	       	  0.012	  0.012	       	       	       	  0.086	  0.086	 46.584	 46.605	 -0.151
101  	 96    	 97    	 `)//|  	``)//|  	      	     	     	0      	0      	       	       	       	  0.062	  0.062	       	       	       	  0.442	  0.442	 47.146	 47.125	  0.149
102  	 97    	 98    	``)//|  	  ,,/|) 	      	0    	0    	0      	0      	       	  0.855	  0.450	  0.004	  1.309	       	  0.436	  0.922	  0.030	  1.389	 47.568	 47.582	 -0.102
103  	 98    	 99    	  ,,/|) 	   ,/|) 	      	     	     	0      	0      	       	       	       	  0.070	  0.070	       	       	       	  0.498	  0.498	 48.130	 48.143	 -0.091
104  	 99    	100    	   ,/|) 	    /|) 	      	     	     	0      	0      	       	       	       	  0.004	  0.004	       	       	       	  0.026	  0.026	 48.552	 48.559	 -0.053
105  	100    	101    	    /|) 	   `/|) 	      	     	     	0      	0      	       	       	       	  0.063	  0.063	       	       	       	  0.446	  0.446	 48.973	 48.968	  0.034
106  	101    	102    	   `/|) 	    (|~ 	      	0    	1    	0      	1      	       	  0.253	  0.191	  0.011	  0.456	       	  0.129	  0.392	  0.082	  0.602	 49.535	 49.333	  1.441
107  	102    	103    	    (|~ 	  ,'/|) 	      	     	0    	0      	0      	       	       	  0.029	  0.055	  0.084	       	       	  0.060	  0.391	  0.451	 49.957	 50.310	 -2.510
108  	103    	104    	  ,'/|) 	   '/|) 	      	     	     	0      	0      	       	       	       	  0.019	  0.019	       	       	       	  0.137	  0.137	 50.519	 50.513	  0.044
109  	104    	105    	   '/|) 	  `'/|) 	      	     	     	0      	0      	       	       	       	  0.047	  0.047	       	       	       	  0.335	  0.335	 50.940	 50.922	  0.131
110  	105    	105.572	  `'/|) 	   ./|\ 	0     	     	1    	1      	1      	  0.407	       	  0.198	  0.000	  0.605	  0.208	       	  0.406	  0.000	  0.613	 51.220	 51.022	  1.408
111  	105.572	106    	   ./|\ 	  `./|\ 	      	     	     	0      	0      	       	       	       	  0.027	  0.027	       	       	       	  0.193	  0.193	 51.503	 51.501	  0.012
112  	106    	107    	  `./|\ 	  ,,/|\ 	      	0    	0    	0      	0      	       	  0.063	  0.021	  0.039	  0.123	       	  0.032	  0.043	  0.279	  0.354	 51.924	 51.584	  2.421
113  	107    	108    	  ,,/|\ 	   ,/|\ 	      	     	     	0      	0      	       	       	       	  0.035	  0.035	       	       	       	  0.249	  0.249	 52.486	 52.437	  0.347
114  	108    	109    	   ,/|\ 	    /|\ 	      	     	     	0      	0      	       	       	       	  0.031	  0.031	       	       	       	  0.223	  0.223	 52.908	 52.987	 -0.562
115  	109    	110    	    /|\ 	   `/|\ 	      	     	     	0      	0      	       	       	       	  0.043	  0.043	       	       	       	  0.305	  0.305	 53.470	 53.455	  0.109
116  	110    	111    	   `/|\ 	  ,(/|  	      	0    	0    	0      	0      	       	  0.521	  0.013	  0.024	  0.557	       	  0.266	  0.026	  0.167	  0.459	 53.891	 53.901	 -0.065
117  	111    	112    	  ,(/|  	   (/|  	      	     	     	0      	0      	       	       	       	  0.051	  0.051	       	       	       	  0.361	  0.361	 54.454	 54.317	  0.973
118  	112    	113    	   (/|  	  `(/|  	      	     	     	0      	0      	       	       	       	  0.016	  0.016	       	       	       	  0.112	  0.112	 54.875	 54.746	  0.917
119  	113    	113.452	  `(/|  	   '/|\ 	      	     	1    	1      	1      	       	       	  0.218	  0.000	  0.218	       	       	  0.447	  0.000	  0.447	 55.096	 54.877	  1.552
120  	113.452	114    	   '/|\ 	  `'/|\ 	      	     	     	0      	0      	       	       	       	  0.059	  0.059	       	       	       	  0.416	  0.416	 55.437	 55.438	 -0.005
121  	114    	115    	  `'/|\ 	  ,)/|\ 	      	1    	0    	0      	1      	       	  0.357	  0.004	  0.008	  0.369	       	  0.182	  0.009	  0.056	  0.247	 55.859	 55.505	  2.518
122  	115    	116    	  ,)/|\ 	   )/|\ 	      	     	     	0      	0      	       	       	       	  0.066	  0.066	       	       	       	  0.472	  0.472	 56.421	 56.333	  0.622
123  	116    	117    	   )/|\ 	  `)/|\ 	0     	     	     	0      	0      	  0.000	       	       	  0.000	  0.000	  0.000	       	       	  0.000	  0.000	 56.843	 56.843	  0.000
124  	117    	118    	  `)/|\ 	 ``)/|\ 	      	     	     	0      	0      	       	       	       	  0.066	  0.066	       	       	       	  0.472	  0.472	 57.264	 57.352	 -0.622
125  	118    	119    	 ``)/|\ 	  ,.(|) 	      	0    	0    	0      	0      	       	  0.980	  0.004	  0.008	  0.992	       	  0.500	  0.009	  0.056	  0.564	 57.826	 57.819	  0.049
126  	119    	120    	  ,.(|) 	   .(|) 	      	     	     	0      	0      	       	       	       	  0.059	  0.059	       	       	       	  0.416	  0.416	 58.248	 58.247	  0.005
127  	120    	120.700	   .(|) 	    ,|\)	      	     	1    	1      	1      	       	       	  0.218	  0.000	  0.218	       	       	  0.447	  0.000	  0.447	 58.589	 58.808	 -1.552
128  	120.700	121    	    ,|\)	     |\)	      	     	     	0      	0      	       	       	       	  0.016	  0.016	       	       	       	  0.112	  0.112	 58.810	 58.939	 -0.917
129  	121    	122    	     |\)	    `|\)	      	     	     	0      	0      	       	       	       	  0.051	  0.051	       	       	       	  0.361	  0.361	 59.231	 59.368	 -0.973
130  	122    	123    	    `|\)	   ,(|) 	      	0    	0    	0      	0      	       	  0.521	  0.013	  0.024	  0.557	       	  0.266	  0.026	  0.167	  0.459	 59.794	 59.784	  0.065
131  	123    	124    	   ,(|) 	    (|) 	      	     	     	0      	0      	       	       	       	  0.043	  0.043	       	       	       	  0.305	  0.305	 60.215	 60.230	 -0.109
132  	124    	125    	    (|) 	   `(|) 	      	     	     	0      	0      	       	       	       	  0.031	  0.031	       	       	       	  0.223	  0.223	 60.777	 60.698	  0.562
133  	125    	126    	   `(|) 	  ``(|) 	      	     	     	0      	0      	       	       	       	  0.035	  0.035	       	       	       	  0.249	  0.249	 61.199	 61.248	 -0.347
134  	126    	127    	  ``(|) 	  ,'(|) 	      	0    	0    	0      	0      	       	  0.063	  0.021	  0.039	  0.123	       	  0.032	  0.043	  0.279	  0.354	 61.761	 62.101	 -2.421
135  	127    	128    	  ,'(|) 	   '(|) 	      	     	     	0      	0      	       	       	       	  0.027	  0.027	       	       	       	  0.193	  0.193	 62.182	 62.184	 -0.012
136  	128    	128.580	   '(|) 	  ,.(|\ 	0     	     	1    	1      	1      	  0.407	       	  0.198	  0.000	  0.605	  0.208	       	  0.406	  0.000	  0.613	 62.465	 62.663	 -1.408
137  	128.580	129    	  ,.(|\ 	   .(|\ 	      	     	     	0      	0      	       	       	       	  0.047	  0.047	       	       	       	  0.335	  0.335	 62.745	 62.763	 -0.131
138  	129    	130    	   .(|\ 	  `.(|\ 	      	     	     	0      	0      	       	       	       	  0.019	  0.019	       	       	       	  0.137	  0.137	 63.166	 63.172	 -0.044
139  	130    	131    	  `.(|\ 	     |\\	      	     	0    	0      	0      	       	       	  0.029	  0.055	  0.084	       	       	  0.060	  0.391	  0.451	 63.728	 63.375	  2.510
140  	131    	132    	     |\\	   ,(|\ 	      	0    	1    	0      	1      	       	  0.253	  0.191	  0.011	  0.456	       	  0.129	  0.392	  0.082	  0.602	 64.150	 64.352	 -1.441
141  	132    	133    	   ,(|\ 	    (|\ 	      	     	     	0      	0      	       	       	       	  0.063	  0.063	       	       	       	  0.446	  0.446	 64.712	 64.717	 -0.034
142  	133    	134    	    (|\ 	   `(|\ 	      	     	     	0      	0      	       	       	       	  0.004	  0.004	       	       	       	  0.026	  0.026	 65.133	 65.126	  0.053
143  	134    	135    	   `(|\ 	  ``(|\ 	      	     	     	0      	0      	       	       	       	  0.070	  0.070	       	       	       	  0.498	  0.498	 65.555	 65.542	  0.091
144  	135    	136    	  ``(|\ 	  ,,)|\\	      	0    	0    	0      	0      	       	  0.855	  0.450	  0.004	  1.309	       	  0.436	  0.922	  0.030	  1.389	 66.117	 66.103	  0.102
145  	136    	137    	  ,,)|\\	   ,)|\\	      	     	     	0      	0      	       	       	       	  0.062	  0.062	       	       	       	  0.442	  0.442	 66.539	 66.560	 -0.149
146  	137    	138    	   ,)|\\	    )|\\	      	     	     	0      	0      	       	       	       	  0.012	  0.012	       	       	       	  0.086	  0.086	 67.101	 67.080	  0.151
147  	138    	139    	    )|\\	   `)|\\	      	     	     	0      	0      	       	       	       	  0.054	  0.054	       	       	       	  0.386	  0.386	 67.522	 67.596	 -0.521
148  	139    	140    	   `)|\\	  ``)|\\	      	     	     	0      	0      	       	       	       	  0.020	  0.020	       	       	       	  0.142	  0.142	 68.085	 68.012	  0.517
149  	140    	       	  ``)|\\	        	2     	2    	2    	2      	2      	  0.000	  0.000	  0.000	  0.000	  0.000	  0.000	  0.000	  0.000	  0.000	  0.000	 68.573	 68.573	  0.000


   ---   Level Analyses   ---   


Extreme            	here	cmltv
ina midpoint       	139	122
comma mean         	  8	 25
size category bound	  2	  2

Ultra            	here	cmltv
ina midpoint       	 33	 29
comma mean         	 20	 24
size category bound	  2	  2

High            	here	cmltv
ina midpoint       	 25	 25
comma mean         	  5	  5
size category bound	  2	  2

Medium            	here	cmltv
ina midpoint       	 11	 11
size category bound	  2	  2


   ---   Rank Analyses   ---   


ina midpoint snap event was worst-ranked snap event:
	total: 122 bounds
	bounds: 0, 1, 2, 4, 5, 6, 7, 8, 9, 10, 11, 12, 14, 15, 17, 19, 20, 21, 22, 23, 25, 26, 27, 28, 29, 30, 32, 33, 34, 36, 37, 38, 39, 41, 42, 43, 44, 45, 46, 48, 50, 51, 53, 54, 55, 56, 57, 58, 59, 60, 61, 62, 63, 64, 67, 68, 69, 70, 71, 72, 73, 75, 76, 77, 79, 83, 84, 85, 87, 88, 89, 90, 91, 92, 93, 94, 95, 96, 98, 99, 100, 101, 102, 103, 104, 105, 107, 108, 109, 111, 112, 113, 114, 115, 116, 117, 118, 120, 122, 123, 124, 125, 126, 128, 129, 130, 131, 132, 133, 134, 135, 137, 138, 139, 141, 142, 143, 144, 145, 146, 147, 148

comma mean snap event was worst-ranked snap event:
	total: 25 bounds
	bounds: 3, 13, 16, 18, 24, 31, 35, 40, 47, 49, 52, 65, 66, 74, 80, 81, 82, 86, 106, 110, 119, 121, 127, 136, 140

size category bound snap event was worst-ranked snap event:
	total: 2 bounds
	bounds: 97, 149
