0
0
0
0
5
0
0
0
0
0
5
7
0
7
5
5
0
0
0
7
0
0
10
0
0
5
5
11
11
0
0
0
7
7
11
5
7
0
14
7
0
0
0
5
13
13
7
11
11
0
0
13
0
11
11
5
0
0
5
11
11
13
10
14
0
0
5
13
10
5
17
0
0
0
17
0
0
0
19
0
17
7
11
0
23
0
0
11
13
5
0
19
0
0
14
19
13
19
7
19
5
12
11
14
15
0
10
7
10
0
18
11
7
0
0
13
17
7
17
7
31
31
19
0
7
30
0
17
5
11
13
5
13
37
7
14
5
19
19
7
13
11
5
7
7
5
11
0
7
0
0
0
23
19
23
5
5
23
31
5
31
11
0
61
11
7
5
14
0
0
0
17
29
17
37
23
11
17
23
19
19
11
23
59
12
0
5
0
0
0
0
0
0
0
0
0
0
10
31
11
13
10
47
14
13
23
29
5
17
5
41
29
47
0
41
18
5
11
0
5
14
11
5
13
5
0
5
10
0
5
11
0
0
23
13
17
7
41
23
19
29
31
43
0
23
10
47
11
73
13
17
19
22
67
0
20
5
0
7
0
21
7
10
15
7
0
0
